Card   1: 42 68 56  3 28 97  1 78 55 48 | 78 54  3 38 94 73 72 57 51 31 86 43  7 81  4 27 26 58 75 69 74 55  5 28 40
Card   2: 39 15 68 83 69  4 71 80 59 25 | 53 54 46 49  6 86 22 58 12 84 72 44 15 13 41  5 78 31 93 75 92 16 83 37 23
Card   3: 70  8 28 30 15 86 11 44 81 82 | 30 82 94  7 15 33 67 49 28 16 44  9 59 80 20 70 36 57 58  1 11 34 86  8 81
Card   4: 93 32 81 13 41 48 98 23  6 44 | 85 42 99 82 38 49 94  6 59 66 61 90 41 24 33 15 20 50 48 25 91  2 16 86 46
Card   5: 51 14 42 47 40 27 95 58 80 29 | 41 34 48 84 44 47 82 19 72 85  7  4 14 33  8 46 21 40 59 36 93 51 65 98 42
Card   6: 31 14 40 67 97 70 79 88 91 28 | 88 28 67 95 45 31 75  2 40 97 69 70 91 37 90 76 14 74  5 16 26 79 25 22 30
Card   7: 25 62 26 54 35 88 72 64 77 36 | 88 45 64 66 63  3 62 82 77 70 52 25 54 36 35 18 11 85 42 26 33 61 74 56 95
Card   8:  9 58 85 75  7 24 35 16  6 46 | 68 85 58  9 17 43 62 77 52 90  6 56 75  3 16 24 20 80 88 64 35 46 91  7 37
Card   9: 41 95 25 20 17 61  7 15 86 81 | 82  5 81 70  1 25 73 28 66 54  6 88 95 41 99 96 17 15  8 20  7 61 86 14 45
Card  10: 31 42 65  9 19 90 40 60 29 67 | 71 53 89 11  9 21 90  7 97 29 93 51 28 24 98 52 61 65 67 77 19 43 94 42 26
Card  11: 89 62 70  4 22  8 35 40 99 95 | 31 83 62 89 40 73 45 35 20 52 70 95  8 64 69 85 68 50 93 88 51 99  4 80 23
Card  12: 39 44 65 79 14  7  6 15 25  5 | 28  2 74 23 38  9 81 48 60 97  1 25 83  7 21 85 42 31 68 99 40 94 15 45 54
Card  13: 26 44 63 11 14  6 27 45 60 47 | 89 27 93 47 82  4 24 41  6 57 14  7 43 51 76 19 20 22 39 61  5 34 63 60 44
Card  14: 41 87 75 25 85 78 35 70 84 82 | 36 34 72 70 25 85 28 30 60 44 84 41  9 11 82 20 96 65 93 18 51 38 52 74 94
Card  15: 97 71 49 95 54 15 12  7 76 42 | 90 43 25 33  9 20 86 40 12 72 64  1 32  2 17 26 18 68 69 27 70 31 96 87 11
Card  16: 33 25 99 85 69 15 58 78 71 76 | 54 97 68 92 45 50 22 35 30 56 86 60 39 48 16 84 91 10 34  5 36 46 27 44 24
Card  17: 97 90  5 15 73 45 67 93 50 49 | 77 18 46  8 47 37 14 54 76 58  2 84 67 49 90 55 93 12 73 17 45 60 15 10 35
Card  18: 94 55 70 74 85 48 63 36 41  3 | 78 94 61 55 39 46 32 56 19 90 65 68 54 97 62 75 34 93 35 95 21 88 23 74 18
Card  19: 93 81 51 92 74 25 53 77  9 10 | 71 38 55 22 40 13 36 77 65 73 67 11 10 24  7 88  4 27 30 23 51 31 21 46 85
Card  20: 98 69 64 97 45 42 95 25 71  2 | 98 92 49 14 48 81 60 32 21 54 59 99 86 39  5 29 53 52 34 57 62 45 38 51 66
Card  21: 17 42 39 19 69  8 34 22 66 12 | 61 21 24 96 89 73 68 74 60 55 16 41 36 23 87 78 31 46 76 67  9 11 13 91 58
Card  22: 39  9 94 73 70 79 10 58 17 66 | 93 66 71 95 99 62 32 64 67 68 21 47 31 96  4 80 60 51 40 20 36 91  2 33 39
Card  23: 61 50 90 10 64 92 24  2 78 94 | 62 15 25 37 74 40 11 82 21 67  6 42 69  3 83 29 28 16 31 54 84 76 98 55 86
Card  24: 90 86 98 57 65 52 89  4 38 25 | 77 50 15 22 64 16 54 76 12 30 29  2 41 40  6 20 83 95 55 10 27 70 34 51  9
Card  25: 16 39 54 93 19 98 10 85 30 48 | 92 29 52 53 18 69 93 14 63 99 12 66 33 24 22 91  1 89 60 38 30 28 25 17 19
Card  26: 98 79  1 75 78 33 34 77 23  4 |  1 79 38 75 23 85 31 76  5 84 21 98  4 77 18 33 11 45 15 34 56 58 32 78 46
Card  27: 72 37 35 24 80 14 79 19 30 29 | 80 79 27  2 19 85  6 82 14  4 72 35 90 24 76 29 71 11 39 50 88 30 57 46 61
Card  28: 60 88 52 42 12 27 34 37 28 18 |  1 28 52 55 65 92 86 27 46 45 34 37 23 88 42 66 84 89 60 36 78 33 72 82 38
Card  29: 85 38 10 18 45 23  5 19 98 41 | 19 45 39 40 93 56 41 34 10 21 38 18  3 16  5 83  9 94 85 63 54 87 37 61 23
Card  30: 39 44  6 14 43 22 15 23 63 16 | 38 43 17 46 27 16 44 23 10 72 39  6 53 18 14 57 60 61 55 91 37 22 63 29 15
Card  31: 10 51 84 98 11 46 44 60 23 89 | 29 44 81 38 99 78 56 72 51 48 39 89 82 96 98 11 43 55 46 10 84 40 64 59 90
Card  32: 23 95 34  6 42 59 81 15 43 26 |  7 79 42 99 97 72 36 30 29 53 18 91 24 34 59  4 28 32 82 60 46 20 10 26 94
Card  33: 12 84 63 98 37 21 92 65 66  4 | 37 51 27 68 82 55 48 87 41  7 88 72 78 32 85 54 52 20 47 38 96 25 84 81 76
Card  34: 19 71 64 65 62 59 90 56 37 68 | 85 36 33 76 30 40 79 37 70 63 71 81 19  9 56 89 62 27 35 14 17 64 39  5 55
Card  35: 70 23 96 68 60 95 65 99 58 12 | 98 54 13 30 96 85 24 20 43 15 93 92  8 12 87 23 88 49 45 95 90 76 36 64 46
Card  36:  1  5 77 48 84 21 37 99 75 58 | 96 80 18 54 63 46 52 29 81 94  3 32 97 40 22 15 93 90 55 36 95 45 47 64 56
Card  37: 85 47 96  7 71 77 41 74 58 51 | 43 49 91  9 24 87 25 10 75 56  4 14 79 90 11 89 20 16 92 68 73 72 23 65 97
Card  38: 87 75 49 54 23  9 85 99 91 98 | 53 73 31 15 65 11 23 90 94 10 92 93 27 24 42 48 79 63 99 84  3 45 69 16 86
Card  39: 40 43 18 70 94 92 72  7  2 53 | 50 69 28  8 60 54 38 90 82 52 22 18 21 91 86 14 17 26 45 48 80 73  1 31 44
Card  40: 66 76 36 54  5 93 12 51  8 19 | 21  7 55 57 62 25 96 37 46 41 72 47 84 52  3 59 15 29 85 87 73 71 74 42 58
Card  41: 39 55 74 98  9 36 46 87 69 56 | 31 98 74  9 20 77 45 26 61 46 55 86 87 56 34 12 92 29 36 39 73 88 69 84 58
Card  42: 19 87 20 79 53 90 84 88 21 18 |  9 48 72 15 83 95 46 42 81 47 71 34  3 89  7 43 27 69 75 94 22 82 76  2  6
Card  43: 17  1 36 52 13 10 86 51 91 98 | 31 80 32 10 36 51 90 91 87 52 17 63 98 73 88  1 75 24 53 14 15 55 23 59 13
Card  44: 18  4  7 24 46 52 65 47 36 99 | 36 12 23 24 45 71 10 32 15 29  4 65 18 99 52 17  7 80  9 58 21 68 76 47 46
Card  45: 28 56 87 46 90 94  8 64 68 50 | 61 94 80 21 47 16 62 78 31 36 57 37 10 25 42 30  6 29 38 26 87 23 79 11 34
Card  46: 55 85 60 82 48 19 11  4 34 89 | 11  7 19 98 55 61 69  2 64 89 56 84 60 42 25 24 51 34 77 50 48 85 82  4 20
Card  47: 26 35 25 30 44 57 32 71 68 83 | 13 46 69 30  7 36 94 26 40 47 32 35 92 68 88 71 28 44 56 83 57 14 99 25 31
Card  48: 92 68 42 26 18 81 30 11 83 25 | 63 18 60 75 84 21 96 79 27 30 54 93 83 50 80 25 65 92 66 99 34 12 24 97 81
Card  49: 19  9 72 35 26 21 74 66 15 99 | 15 52 26 61 48 72 92 97 94 41 38 18 35 84 14 95 78 66  5 74 51 69 40 98 19
Card  50: 37 60 77 76 93 69 75  1 52 24 | 20 74 95 37 52 40 13 94 75 76 68 60 25 93 10 15 69 63 24 77 21 34  1 55  4
Card  51: 71 55 87 11 47 88 85 80 86  4 | 33 51 88 69  8 71  3 81 55 47 34  6 78 87 96 59 99 64 86 80  2 85  4  7 41
Card  52: 54  1 20 93  9 77 13 80  5 22 | 78 93 29 62 44 20 14 60 73 13 95 55 54 83 70 16 24 71  4 61 42 23  1 81 36
Card  53: 29 82 97 96 16 46 38 68  6 85 | 42 22 59 14  8 81 57  3  4 23 10 80 92 49 55 17  1  9 78 44 88 63 41 26 95
Card  54: 44 84 82 20 85 38  2 40 56 12 | 83 20 10 58 57 77 92 55 76 26 24 25 93 98 30 79 35 36 15 61 67 69 62 33  9
Card  55: 17 42 60 46 83 85 36 45 24 15 | 31 44 43 73 89 17 83 61 35 23 92 82 46 50 94 12 49 39 71 69 54 38 75 76 27
Card  56: 33 63 64 12 48 43 55  8 67 90 | 64 97 98 93 54 25 41 77 63 90 74 80 43 26 83 33 48 47 89 21 15 17 78 29 88
Card  57: 93 32 27 42 78 43  1 25 63 88 |  3 85  7 28 81 29 25 49 62 38 46 34 92 45 75 76 74 44 30 52 42 89 10 27 95
Card  58: 79 38 87 33 99 88 48 19 43 44 | 83 49 94 12 44 84  2 45  9 73 78 68 46 26  1 90 47 85 65 66 72 70 92 97 79
Card  59: 15 39 45 44 73 76 20 28 30 81 | 23  6  2 70 43 27 20 14  8 54 88 26 82 56 93 55 80  4 24 97 79 39 46 28 32
Card  60: 52 19  6  7 62 43 60 77 69 75 | 79 61 82 11  4  9 13 16  1 42 65 73 64 49 94 38 51 92  6 45 89 34 72 33 63
Card  61: 38 92 67 98 37 93 10 24 69 99 | 86 30 54 60 56 96 21 52 84 95 77 50 24 59 79 74 90 29  2 23  4 45 76 35 62
Card  62: 10 61 82 73 16  9 64 22 55 74 | 25 48 26 80 85 28  3 92 89  7  1 41  4 49 52 81 84 36 91 44 69 57 21 71 88
Card  63: 44  5 16 21 52 80 58 62 56 35 | 20 58 44 35 30 63 92  9  5 62 74 79 80  2 52 33 55 21 83 16 34 56 77 86 89
Card  64:  5 62 76  8 57 16 72 89 53 49 | 65 88  8 76 72 53 42 10 74 49 45 54 43 81 57 55 16 13 89 47 61 99  5 62 85
Card  65: 31 96 87 53 68 58 76 50 33 22 | 39 54 44 92  2 31 93 22 81 16 51 56 75 50 63 82 58 48 91 14 89 36  8 68 52
Card  66: 34  6 59 32 88 70 97 12 39 26 | 18 40 67  9 59 88 26 39 12 54 69 20 70 97 84 27 32 90 46 76 52 58 37  6 34
Card  67: 35 46  3 44 17 90  9 71 52 59 | 46 10  8 13 87 64 33 48 25 80 61 47 71 94 74 17 79 45 18  9 44 66 58 52 36
Card  68: 72 79 64 45 27 30  5 29  8 19 | 92 25 49 75 94 30 51 36 72 87 54 64 79  8 28 29 59 45 47 19 83 27  5 31 67
Card  69: 57 64 26 86  9 31 42 56 44  1 | 70 97 25 67 44 64  9 58 87 86 30  1 72 73 83 56 55 13 57 42 31 69 26 10 93
Card  70: 30 29 52 14 23 61 60 41 44 89 | 16 71 91 81 96 27 28 95 54 99 87 73 30  1 77  2 67 13 69 46 82  3 10 20 57
Card  71: 47 43 89 74 10 56 34 93 39 96 | 82 53 70 98 54  2 30 56 71 39 60 46 36 77 18 15 88 26 23 76  3 50 21 35 59
Card  72: 92 94  6 27 11 86 98 16 56  8 | 16 73 94 56 97  6 76 19  8 40 30 90 20 10 92 11 33 39 99 38 48 86 98 27  3
Card  73: 84 31 37  3 13 62 86 17 41 40 | 32 63  3 65 59 99 13 88 17 30 95 74 27 84 21 37 24 69 41 89 76 40 64 62 80
Card  74: 58 34 88 10 36 86 78 27 94 53 | 25 79 83 66 14 84 81  7 10 12 53 65 62 98  8 24 92 74 64 99 93 13 42 85 54
Card  75: 73 64 18 59 27 89 91 43  6  1 | 50 58 51  1  8  3  5 91 88  6 41 19 49 76 73 75 47 77 42 10 72 64 71 20 35
Card  76: 16 60 35 32 68 77 55 23 43 96 | 35 55 96 77 17 31 95 18 14 73 19 21 86 64  3 27  5 43 75 11 88  9 23 60 16
Card  77: 75 24  1 56 98 67 16  4  6  3 | 60 21 78 87 25 83 28 63 99 82 91 10 97 90 23 17 69 15 51 67 49  9 73 43 27
Card  78: 87 86 75 45  4 26 27 84 34  1 | 29 12 55 31 22  6 10 74 73 20 18 41 93 27 66 77 57 36 44  2 85 72  5 25 54
Card  79: 71 95 90 80 43 86 85 40 82 88 | 82 34 21 44 15 74 88 76 32 84 90 71 62 85 27 78 68 73 18 92 16 51  4 29 48
Card  80: 46 40 86 49 55  5 22 17 67 18 | 21 32 83  1 61 85 18 63 38  2 34  5 60 89 62 84 25 66 12 45 49 39 30 82 74
Card  81: 95 58 73 33 26 51 74 16 14 12 |  5 11  8 13 34 54 74 76 10 51 28 37 15 90 49 77 59 48 20 21 97 95 32 63 33
Card  82: 78 44 81 99 19 75 27  7 10 92 | 66 31 10 88 85 61 38 15 60 97 17 77 56 89 91 78 16 95 52 19 80  3 96 62  6
Card  83: 10 63 88 24 32 71 91 23 50 45 | 43 38 95 59 86 48 19 69  8 81 75 66 56 52 35 22 76 71 29 39 20 78 99 83 21
Card  84: 95  9 57 47 40 98 75 88 26 38 |  8 29 23 18 65 77 39 50 87 69 85 33 60 28 49 67 63 13 90  7 44 34 66 36 94
Card  85: 57 37 83 67 20 54 74 84 15 69 | 70 16  5 53 89  2 94 63 72 56 61 92 21 60 28 42 19 88 75 18 51 23  4 17 11
Card  86: 12 10 71 28 31 73 43 21 87 65 | 35 85 56 82 74 45 38  8 72 83 63 15 57 69 17 22  7 47 98 67  4  2  1 84 99
Card  87: 90 13 57 74  2 62 49  8 51 99 | 13 54 43 99  8 39  6 14 50 69 65 62 35 51 74 57 48  2 98 22 58 49 90 82 76
Card  88: 23 22 81 36 53 88 73 84 95 32 | 62 22 59 33 31 57 19 28 35 69  2 39 30 96 36 46 14 47 27  7 89 11 68 88 16
Card  89: 49 98 63 86 30 90 29 59 95  2 | 34 32 28 21 61 23 29 59  1 67 86 72 82 46 90 95 79 30 66  2 63 48 49 84 98
Card  90: 16 19 56 33 74 65 87 91 35 96 | 12 80 28 90 93 56 16 67 19 33 40 10 97 44 74 99  2 17 91 14 65 96 87 35 52
Card  91: 64 55 93 10 13 26 95 65 53 32 | 62  2 13 27 38 79 30 76 66 53 87 10 57 43 11 58 12 24 33 49  1 88 17 19 26
Card  92: 93 44  9 50 74 27 22 78 82 51 | 38 88 23 87 34 50 94 61 51 74  6 95 25 53 44 22 93 97 48 82 67  9 31 24 27
Card  93: 87  7 72 31 10 52  6 26 62 95 | 19 52 97 72 26 79 44 84 68 88 35 95 62 64 31 85 56 25 10 87  7 77  6 29 61
Card  94: 19 30 18 72 36 78 52 26 68 65 | 47 52 25 54 18 30 76 53 72 68 65 85 22 10 66 87 26 19 46 40 36 97 63 98 78
Card  95: 88 68 69 56 35  2 46 90 98 89 | 76 50  5  2 90  9 98 89 88 36 35 54 69 51 68 91 56 19 38 30 79 46 70 71 81
Card  96: 72 74 11  9 48 52 69 35 28 15 |  9  7 24 97 69 80 28 37 11  2 91 35 74 59  4 72 52 26 19 87 15 48 42 64 75
Card  97: 14 23 16 58 89  3 66 75 32 61 | 89  9 75 80 66 16 61 65 13  5 37  6 28  3 46 47 85 32 99 17 23 68 58 88 14
Card  98: 76 81 36 13 14 72 62  7 42 19 | 99 58 53 60 87 70 57 47 13 67 30  8 86  9 65 85 89 10 49 22 73 92 74 26 46
Card  99: 47 99 96 35 74 20 24 85 13 67 | 85 75 35 37 14 95 31 43 99  4 92 47 74 76 67 20 38  8 13 83 86 45 24 82 94
Card 100: 27  6 13 95 30 79 51  9  8 57 | 33 18 27 88 39 69 53 12 68 29  4 14 64 79 11 59 36 73 97 86 43 63 44 77 19
Card 101: 10 64 25 32 45 22 90 12 14 49 | 26 70 73 35 58 64 90 72 87 92 44 34  2 79 17 66 80 18 49 48 15 29 96 39 20
Card 102: 52 92 91 29 34 85 10 72 79 20 | 15 32 21 72 70 61 47 12 10 52 19 27 58 86 49 92 79 39 34  8 22 77 23 81  6
Card 103: 13 11 58  2 70 28 20 21 96 73 | 54 96 13 17 73 68 63 49 71 87 22 12 42 58 67 69 10 97 72 99 82 53 91  1 50
Card 104: 56 55 16 50 43  4  8 47 59 15 | 26  6 92 68 51 67 32 14 48  4  7 36 17 64 98 37 46 45 58 65 29 56 87 63 74
Card 105: 43 66 83  4 30 96 76 55 49 72 | 67 83  3 96  5 29 50 48 27 20 32 69 61  6  4 28 90 53 38 60 74 99 84 80  2
Card 106: 61 30 55 79 54 76  9 90 35 94 | 38 46 33 70 84 16 96 20 64 53 43 97 73 78 75 11 65  6 21 50 99 69 14 26 39
Card 107: 38 83 24 27 69 72 15 40 87 92 | 34 99 68 33 66 48 10 90  5 54 85  3 30 40 77 88 37 56 67 49 78 13 80 15 57
Card 108: 73 82 30 15 29 24 76 89 12 43 | 95 35 19  6 49 57 79 91 24 46 28 78 77 13 47 75 60 58  7 18 43 83 31 20 67
Card 109: 78 24 31 40 37 18 17 69 73 99 | 89 90 57 82 48 11 81 93 25 35 68 94 80 84  1 23 97 16 92 77  7 33 96 38 75
Card 110: 61 12 77 67 33 37 51 40 89 53 | 59 88 24 75 23 57 25 99 58 72 91 97 35 19 42  8 52 81 78 41 63 87 94 32 31
Card 111: 49 27 78 36 31 24 57 72 13 68 | 27 50 29 13 22 24 25 49 31 67 93  4 75 63 19 72 36 43 85 68 10 64 57 78 30
Card 112: 39 98 56 93 48 52 47 37 22 42 | 84 37 22 63 90 68  4 88 52 98 54 47 42 48 77 25 78 29 56 15 39 93 96 79  6
Card 113: 44  7 57 79 39 33 46 14 65 97 |  7 64 53 47 33 97 60  3 54 39 37 44 63 27 46 96 57 80 49 14 65 91 30 79 62
Card 114: 92 56 47 49 20 24 12 73 48 21 |  6  2 79 50  1 64 21 30 70 44 52 58 47 57 91 49 48  5 88 68 20  3 15 71 12
Card 115: 25 23 22 30 26 95 93 12 28 16 | 62 44 64 93 67 25 95 20 65 23 19 22 26 11 33 30 83  9 16 28 12 56 70 18  2
Card 116: 88 68 58 75 76  3 41 70 14 94 | 15 58 61 45 31 22 92 95 71 53 35 18 32 49 79 36 41  9  8 50 34 12 59  6 47
Card 117: 15 64 73 86 92 62  5 85 56 70 | 11 28 30 23 53 59 85  9 18 19 75 65  6 43 74 37 84 80 88 36 44  4 76 72 24
Card 118: 35  1 99 44 29 10 94 48 14 45 | 82 45 11 42 72 81 14 18  6 40 58 92 78 27 51 47 35 56 62 50 89 63 91 88 55
Card 119:  6 43 34 80 62 66 69 21 58 14 | 91 54 19 50 61 69 25 30 20 28 57 97 60 81 85 29 42 94 35  4 44 87 17 22 67
Card 120: 18 59 30 29  2 73 90 83 32 54 | 67 86 46 26 59 12 49 38  6  9 90 30  1 97 36 50 33 42 48 75 98 19 58 66 44
Card 121: 56 94 72 15 25 41 57 13 73 92 | 35 86 78 92 38 28 63 73 26 50 52 59 60 30 42 75  5 96 23 45 15  4 76 85 20
Card 122: 11  1 24 82 68 96 93 43 53 97 | 31 12 86 54 16 20 13 18 21 34 67 24 64 80 59 79 94 19  7 89 55 53 76 78 95
Card 123: 22 90 86  3 34 38  4 83 51  2 | 57 80 50 47 52 35 15 73 11 95 43 67 60 58 34 45  1 37 98 59 26  7 46 13  6
Card 124: 39 16 36 48 72 15 63 74 42 35 |  3 64 27 57  1  4 89 65 73 67 53 80 14 85  6 51 98 55 31 76 38 19 78 28 24
Card 125: 92 44 37 29 22 40 73 24 60 90 | 63 68 89 46 18 91 28 61 85 21 14 54 72 45 59 50  4 77 97 16 30 23 95 80  6
Card 126: 82 32  9 37 95 39 18  7 27 47 | 29 11 38 68 74 55 53 56  1 45 59  7 46 36 50 77 57 23 75 19 62 49  5 10 51
Card 127: 14 69 31 87 52 56 59 42 97 17 | 77 41 87 14 17 24 75 33 58  3 15  9 11 35 72 59 61 86 63 31 42 38 25  1 62
Card 128: 49 33 25 38 81 97 69 37 83 64 | 84  1  6 73  5 36 14  3 33 37 15 85 83 10 26 72 46 21 62 91 31 70 79 88 44
Card 129:  7 39 67 42 76 17 48  6 10 57 | 42 19 57 93  9 58 37 27 52 98 18 21 13 11 47 14 32 92 73 29 69 15 70 60 24
Card 130: 41  7  6 57 75 81  9 78 59 63 | 31  6 36 99 49 24  2 33  3 23 59 75  5 81 15 77 92 63 78 93 61 10 16 45 25
Card 131: 77 69 42 74 62 46 32 30 82 64 | 11 40 13 97 65 95 25 45  9  8  1 59 60 68  5 90 23 76 24 73 81 96 93 75 33
Card 132: 66 26 94 33 67  2 19 70 75 93 | 93 62 67 21  1 70 33 22 20 86 68 11 85 61 26 57 75 25  2 54 39 43 47 36  6
Card 133: 65  2 47 99 72 19 86 14 58 64 | 61 74  5 82 73 19 95 71 35 26 45 80 25  3 70 16  9 58  8 32 21 93 54 30 34
Card 134: 19 68 38 75 92 21 98 26 82 87 | 13 24 36 88 64 68 25 26 61 90 21 85 58 59 69 49 44 79 66 17 39 67 92 52 75
Card 135: 49 47 78  9 24 74 28 88 39 45 | 94 75 57 38  3 33 49 62 10  1 55 89 27 95 50 18  4 61 71 60 21 28 76 31 78
Card 136: 25 13 15 49 96  9 91 48 21 24 | 47 39 75 14 23 43  2 35 67 82 26 96 56 86  8 34 79 68 64  1 59 50 95 18 87
Card 137: 33 80 46 54 37 62 42 21 14  1 | 60 27 93 49 51  5 76 57 39 37 22 29 90 19 31 34 78 71 94 52 18 92 36 30 11
Card 138: 54 45 82 23 47 37  1 58 62 92 | 15 27 84 92 68 44 63 34 53 59 72 11 30 14 50 93 74 55 81 75 60 18  5 67 12
Card 139: 68 76 41 82 98 45 54 21 99 64 |  5 42 54 99 53 79 91 65 49 95 87 77 27 16 30 94 35 57 22 10 44 40 34 69  2
Card 140: 87 51 66 93 54 74 27 88 26 13 | 59 61 60 38  1 52 44 76 68 85  9 64 69 43 65  6 48 41  5 79  4 95 25 98 81
Card 141: 13 26 81 12  7 10 31  5 36 57 | 62 41 74 65 60 85 77 63 24 35 16 20 96  3 97 56 66 23  6 32 80 40 70 47  2
Card 142: 31 28 57 29 71 66 85 20 99 68 | 85 68 66 34 58 29 10 30 31 94 41 72 70 42 65 20 57 78 28 99 39 52 71 93 64
Card 143: 26 47 19  8 60 28 38 29 58 42 | 24 54 95 49 66 51 65 81 59 15 50 46 68 82 40 90 18 11 45 83 39 44 48  5 17
Card 144: 90 41 55 61 37  4 24 47 59 15 |  7 60 53 17 57 51  8 55 44 85 49 63  6 24 54 48 26 39 52 94 93 98 95 81 22
Card 145: 35 49 10 44  9 14 13 61 21  3 | 21 20 15  4 60 59 85 56 10 14 35 13 70 49 92 17 25  3 83  6 44 61 12 48  9
Card 146: 68 89 66  8 93 62 46 42 22 35 | 49 62 92 73 52 25 65 79 78 86 55 90 91 60 94 41 88 61 37 24 22 20 57 23 93
Card 147:  1 96 53 41 90 25 45 77 50 27 | 27 92 11 46 37 88 90  1 34 62 77 53 69 80 45 25 44 58 50 98  6 56 41 96 52
Card 148: 65 88 35 40 91 30 86 98 94  7 | 94 10 40 29 46  5 65 14 95 88  6 38 75 30 74  7 91 73 87 11 26 83 44 23 79
Card 149: 58 26 33 25 35 32 48 90 22 57 | 33 69 12 35 98 62 23 57 87 48 22 59 42  9 54 15 97 89 58 73 68 32 14 85 90
Card 150: 34 41 60 42 25 31 63 37 93 61 | 68 12 22 71  9  7 28 84 11 69 76 74 19 14 79 83 18  6 93 38 94 16 33 60  4
Card 151: 12 85 81 90 69 21 65 45 13  5 | 81 67 90 79 24 55  1  9 88 99 46 61 35 57  7 51 13 43 45 63 59  3 82 73 69
Card 152: 54 71 28 68  8 49 76  3 18 38 | 63 79 30  3 13 96 75 89 76 59 61 16 83 32 92 58 84 82 25 49 69 99 70 40  5
Card 153: 60 66 22 30  6 24 23  4 73  9 | 57 28 15  2 94 68 22 86 10 71 45 24 31 20 83 96 53 79 59 46 42 62  9 85 36
Card 154: 20 47 51 70 26 75 27  9  1 14 | 11 47 95 77 96 12 48 22  5 51 20  1 72  6 21 27 84 41  2  7 71 66  4 37 44
Card 155: 68 76 71 78 45 51 26 47 15 37 | 33 23 34 59 24 70 14 50 78 49 61 47 21 71 27 81 95 18 28  5 66  8 99 72 36
Card 156: 72 91 27 25  1 32 86 92  5 37 | 61 55 48 39 94 49 93 51 82 18 69 59 53 64 16 63  3 89 50 76 88 23 29 26 47
Card 157:  6 40 57 75 89 95 39 80 19 50 | 41 33 97 14 60 50 43 15 66 89 11 74 22 42 24 23  3 76 68  4 70  7 93 86 63
Card 158: 87  4 57 18 25  2 80 53 31  9 | 65 55 51 15 74 22 62 17 69 91 46 37 67 78 44 89 19 64 84 39 27 13 33 72 11
Card 159: 67 66 33 80 88 64 73 82 85 32 | 35 65  3 56 21 53 78 25 48 95 59 44 97 23 93 28 46  9 51 92  4 24 38 34 62
Card 160: 46 69 49 52 87 68 62 82 78 64 |  8 91 69  1 55 65 44 37 64 71 25 86 38 32 39 10 28 97 52 53 72 35 92 12 61
Card 161: 37 14 22 17 35 64 82 12 98 72 | 89 93  5 37 68 18 82 17 12  4 62 92 61 64 22 35 41 72 63 11 95 14 98 50 87
Card 162: 26 78 15 58 98  8 13 76 63  3 | 37  2 48 28 12 25 66 89 96 80 62 95 90 58  7 26 15 56 17 45 92 22  6 81 39
Card 163: 92 16 19 59 79  6 54 91 96 36 | 65 44 87 51 59 35 90 46 48  2 18 89 55 73 25 92 85 33 78 98 75 29 86 19 93
Card 164: 48 93 37 21 72 36 85 97 63  7 | 99 62  6 25  3 80 33 41 37  7 72 79 73 93 36 89 48 85 21 51 94 24 75 97  9
Card 165: 38 63 39 54 88 58 73 62 56 15 | 64 22 42 60 89 15 63  1 24  8 18 38 66 27 58 61 68 34 73 87 36 45 26 16 28
Card 166: 24 19 75 56 41 61 58 98 44 82 | 84 28 95 59 85  9 38 37 55 69 57 65 49 50 36 62 15 35 52 86 78 44  8 23 96
Card 167:  2  9 41 68 10 31 63 91 53 67 | 28 24  9 90 68 50 67 81 57 45 12  5 63 40 91 53 77 25 64 69 31 21 34  8  2
Card 168: 46 19 79 88 23  6  9 42 52 61 | 74 59 50 19 52 42 38 53 44 89 78 23 68 39 93 25 88 47 16 61  9 30 79 48 46
Card 169: 71 69 41 94 18 89 84 39 30 85 | 51 29 39 34 97 75 54 40 28 36 48 79 71 81 72 64 25 67 14 60 32 24 13 88 44
Card 170:  1 39 70 62 64 43 14 46 48  3 | 85 89 96 15 37 72 63 18 71 23 87 82 97 75 58 61  5 78 59 54 95 55  9 47 21
Card 171: 87 48 12 94 38 77 65 13  5 44 | 80 22 11 24 81 53 72  6 77 62  5 74 50 16 51 83 27 57 10 76 98 93 47 43  8
Card 172: 89 18 44 14 42 73 64 83 29 41 | 97 76 51 92 71  4 78 14  1 94 86  6 30 28 55 12 33 13 40 75 26 65 31 62 96
Card 173: 35 44 49  6 51 22 85 74 28 13 | 11 37 20 35 13 10 28 95  8 42 69 33 79 29 89  2 21 24 96  1 91  6 80 52 63
Card 174: 78 82 23 60  2 90 20 98 26 15 | 50 90  3 91 94 85 76 92 79 57  1 97 75 70 14 22 59 78 54 60 39 71 64  5 41
Card 175: 46 89 97  1 51 71 26 84 68 38 | 94 91 66 22 48 71 40 42 72 30 81 36  7 59 19 96 53 89 17 33 62  2 50  3 76
Card 176: 83 72 64 92  1 85 78 30 77 20 | 21 19 82 18 38 59 87 56 25  4 31 15 91 43 68 52 66 35 57 84 96 60 65 98 22
Card 177: 29 13 47 40 60 71 90 25 93 41 | 34 66 64 84 58 56 38 54 28 12 82 33 42 48 61 46 24 20 92 73  6 67  2 22 49
Card 178: 41 53 57  7 68 10 37 21 97  1 | 62 93 97 72 24 57 40 53 44 30  1 76 73  6 66 37 22 21 91 14  7 32 86  4 68
Card 179: 76 27 83 64 75 11 69  7 99 14 | 64 40 99 92 69 54 41 21 96 88 83 15 11 26 66 75 68 70 27 98 14 76 13 79  7
Card 180: 73 98 25 54 80 83 68 38 13 39 | 28 53 91 58 55 45 23 19 41 78 81  7 95  4 20 57 99 75 86 33 60 10 63 89  1
Card 181: 15 23 49 56 69 91 45 43 30 61 | 78 91 69 50 93 56  7 37 45 88 63 61 30 57 13 43 21 23 15 89 98  2 49 17 51
Card 182: 51 33 74 49 40 59 22 73 10 24 | 37 33 14 56 58 90 10 72 64 68 85 39 70 73 83 22 31 99 57 12 16 28 82 95 78
Card 183: 89 29  9 76 84 91 12 35 49 62 | 45 74  9  8 71 62 76 78 98 49 61 66 91 58 99 89 12 23 19 72 35 69 84 29  2
Card 184: 77 46 64 63 23 34 90 21 86 41 |  5 94 84 23 88 74 77 71  9 87 35 73 24 90 60 51 86 43 27 45 76 64 46  2 66
Card 185: 95 38  3 39 67 24 53 56  1 35 | 67 71 20 61 97 84 35 99  6  1 27 38 53  3 24 56 52 31 48 39 86 72 37 69 95
Card 186: 50 89 96  2 66 98 11 81 41 40 | 40 17 43 66 25  2 81 11 97 42 36 34 38 89 64 46 84 33 23 50 98 67 86 85 24
Card 187: 96 90 44 53 55 37 10 95  6 25 | 73 27 22 12 71 61 51 91 34 29  4 28 10 46 82 50 90 86 68 32  2 16 87 89 65
Card 188: 26 36  7 29 96 58 82  8 41 97 | 35 99 66 41 51 58 30 82 59 29  8 96 19 24  7 32 93 84 26  6 13 97 52 36 37
Card 189: 31 28 55 91 66 68 30 73 98 92 | 71 28 50 81 66 96 56 55 64 15 73 37 98 23 84 31 30 59 51 68  5 91 32 14  4
Card 190: 53 65 20 16 99 49  7 39 74 27 | 93 22 12 86 38 43 95 87 36 64 85 25 84 21 67 96 91 73 82 59 32  4 42 58 83
Card 191: 24 56 32 14 34 16 73 98 59 53 | 92 24  7 69 70  3 91 98 49 23 34 56 87 47 76 65 44 29 60 14 36 26 35 37 57
Card 192: 55 10 26 16 19 51  4 47 22 65 | 99  8 60 70 79 80 45 56  5 49  4 65 81 22 73 66 96 76 52 59  3 34 47 25  9
Card 193:  5 63 80 28  6 60 70 55 97 89 | 63 22 50 97 28 92 70  5 87 93 69 42 64 99  4  6 96 59 89 81  1 55 26 60 10
Card 194: 94 16 71 30 84 51 89 18 52 56 | 52 91 21 55 96 98 34 84 37 12 16 71 86 14 68 18 74 32 15 80 88 30 90 94 49
Card 195: 73 63 24 40 47 42 41 11 66 95 | 50 32 12 14 46 84 22 57 49 69  9 91 31 80 93 64 98 56 70 59 71 30 81 88 99
Card 196: 14 50 34 21 81 27  9 57 58 72 | 34 33 86 85 19 62 60 25 64 92 31 53 18 35 20 82 91 95 71 36 78 77 87 89 22
Card 197: 50 60 85 34 57  8 22 18 54 59 | 53 35  7 17 96  1 47 74 14 18 57 72 85 45 51 16 79 39 21 25 52 43 77 75 55
Card 198: 99 92 12 39 36  9 18 68 66 15 |  1 81 60 11 28 34 63 42 17  3 87 93 55 72 80 16 74 88  6 46 21 50 78 57 41
Card 199:  9 40 14 21 42 13 48 22 35 44 | 69 13  8 49 55 57 28 87 80 60 12  7 51 61  6 17 77 67 10 73 82 47 24 90  4
Card 200: 18 23 50 60 67 44 98 17 30 28 | 99 22 82 65 15 44 33 69 54 79 52 93 12 42 61 94 81 38 51 60 88 77 76 87 36
Card 201: 34 44 25  6 11 18 31 93 43 64 | 22 68 32 39  2 97 17 61 30 45 58 91 46 78 23 60 52 95 96 13  5 37 16 57  9
Card 202: 92 67 16 37 19  9  2 74 41 34 | 96 13 70 82 48 27 58 17 14 61 18 81 43 15 32 69 80 76 31 47 84 90 40 75 60
